phenotype_id	num_var	beta_shape1	beta_shape2	true_df	pval_true_df	variant_id	tss_distance	ma_samples	ma_count	maf	ref_factor	pval_nominal	slope	slope_se	pval_perm	pval_beta	qval	pval_nominal_threshold	tissue	gene	hg19
ENSG00000166478.9	6319	1.02925	403.288	276.261	1.36453e-06	chr11_9388086_G_T_b38	-72617	46	49	0.062982	1	1.75645e-07	0.334113	0.0625682	0.00059994	0.000436178	0.000617684	0.000167259	Adipose_Visceral_Omentum	ZNF143	11_9409633
ENSG00000166478.9	6319	1.0456	415.717	235.758	3.53097e-14	chr11_9487805_G_C_b38	27102	46	48	0.0729483	1	3.08784e-16	0.646699	0.0743132	9.999e-05	4.61423e-12	1.56659e-11	0.000173739	Artery_Aorta	ZNF143	11_9509352
ENSG00000166478.9	6319	1.06374	419.935	116.337	3.7455e-09	chr11_9494639_T_C_b38	33936	30	33	0.0942857	1	2.12286e-10	0.531511	0.0773434	9.999e-05	6.52452e-07	4.86065e-06	6.43916e-05	Artery_Coronary	ZNF143	11_9516186
ENSG00000166478.9	6319	1.03972	459.851	104.178	9.31955e-08	chr11_9459030_G_A_b38	-1673	20	22	0.0700637	1	1.5135e-08	0.674272	0.110809	9.999e-05	2.82491e-05	7.21367e-05	0.000114693	Brain_Cerebellar_Hemisphere	ZNF143	11_9480577
ENSG00000166478.9	6319	1.04057	449.313	130.54	3.97984e-06	chr11_9515452_G_A_b38	54749	22	23	0.0611702	1	9.00085e-07	0.617646	0.120428	0.00079992	0.00135799	0.00200844	0.000140228	Brain_Cerebellum	ZNF143	11_9536999
ENSG00000166478.9	6319	1.03039	410.199	206.505	2.05753e-07	chr11_9482935_T_G_b38	22232	39	40	0.0680272	1	2.2876e-08	0.294639	0.0509513	9.999e-05	6.26347e-05	0.000133628	0.000132525	Colon_Transverse	ZNF143	11_9504482
ENSG00000166478.9	6319	1.06415	391.495	185.885	2.58474e-08	chr11_9482935_T_G_b38	22232	35	36	0.0654545	1	1.37747e-09	0.456593	0.0721608	9.999e-05	4.70335e-06	1.19439e-05	0.000146595	Esophagus_Gastroesophageal_Junction	ZNF143	11_9504482
ENSG00000166478.9	6319	1.04599	399.84	289.219	1.28445e-12	chr11_9410543_C_T_b38	-50160	50	53	0.0644769	1	1.29777e-14	0.502761	0.0623744	9.999e-05	1.88237e-10	3.61719e-10	0.000250868	Esophagus_Mucosa	ZNF143	11_9432090
ENSG00000166478.9	6319	1.04893	412.804	270.293	1.58518e-11	chr11_9482935_T_G_b38	22232	52	54	0.0701299	1	3.41572e-13	0.426106	0.0560653	9.999e-05	2.54722e-09	4.64739e-09	0.000233044	Esophagus_Muscularis	ZNF143	11_9504482
ENSG00000166478.9	6319	1.05421	411.961	224.055	4.86727e-07	chr11_9465700_C_T_b38	4997	48	52	0.0822785	1	5.5936e-08	0.386143	0.0690271	0.00019998	0.0001234	0.000213825	0.000161726	Heart_Atrial_Appendage	ZNF143	11_9487247
ENSG00000166478.9	6319	1.03027	447.279	239.12	9.31049e-08	chr11_9388086_G_T_b38	-72617	40	40	0.0615385	1	1.22866e-08	0.455444	0.0775158	9.999e-05	3.02869e-05	6.46911e-05	0.000123322	Heart_Left_Ventricle	ZNF143	11_9409633
ENSG00000166478.9	6319	1.05777	411.586	313.718	7.50415e-17	chr11_9486860_G_A_b38	26157	56	59	0.0673516	1	1.67774e-19	0.553033	0.0578235	9.999e-05	4.99157e-15	9.23984e-15	0.000329403	Nerve_Tibial	ZNF143	11_9508407
ENSG00000166478.9	6319	1.05773	396.149	153.704	2.53624e-06	chr11_9525993_T_C_b38	65290	25	28	0.0639269	1	3.79845e-07	0.619264	0.117392	0.00029997	0.000657255	0.00150467	0.000115755	Pituitary	ZNF143	11_9547540
ENSG00000166478.9	6319	1.01935	485.319	105.361	1.8352e-07	chr11_9465700_C_T_b38	4997	24	24	0.0851064	1	4.41347e-08	0.793329	0.135366	9.999e-05	7.37421e-05	0.000448728	4.43847e-05	Small_Intestine_Terminal_Ileum	ZNF143	11_9487247
ENSG00000166478.9	6319	1.0256	471.033	124.608	1.73803e-22	chr11_9486860_G_A_b38	26157	25	25	0.0698324	1	6.61682e-25	1.20805	0.0954384	9.999e-05	2.62899e-20	4.35286e-19	0.000104326	Spleen	ZNF143	11_9508407
ENSG00000166478.9	6319	1.00871	420.182	356.248	3.32635e-32	chr11_9482935_T_G_b38	22232	69	71	0.0736515	1	5.5178e-37	0.814631	0.0579077	9.999e-05	7.80904e-30	2.93755e-29	0.000279386	Thyroid	ZNF143	11_9504482
ENSG00000166478.9	6319	1.03646	405.172	415.845	1.30246e-14	chr11_9465700_C_T_b38	4997	82	88	0.078853	1	6.93671e-17	0.309939	0.0357901	9.999e-05	2.01532e-12	3.62713e-12	0.000265332	Whole_Blood	ZNF143	11_9487247
ENSG00000136870.10	7467	1.03064	609.122	364.089	4.66335e-15	chr9_101403009_C_A_b38	4136	67	70	0.0730689	1	9.93914e-17	0.463077	0.0533867	9.999e-05	1.24138e-12	2.54368e-12	0.000169648	Adipose_Subcutaneous	ZNF189	9_104165291
ENSG00000136870.10	7467	1.0435	570.594	283.199	5.01757e-09	chr9_101403009_C_A_b38	4136	59	62	0.0788804	1	4.24885e-10	0.47422	0.0736007	9.999e-05	1.6123e-06	3.17882e-06	0.000123614	Adipose_Visceral_Omentum	ZNF189	9_104165291
ENSG00000136870.10	7467	1.03381	625.682	138.324	1.41883e-05	chr9_101409574_C_T_b38	10701	26	27	0.0695876	1	4.62456e-06	0.544493	0.114633	0.00719928	0.00742361	0.0154729	5.67152e-05	Adrenal_Gland	ZNF189	9_104171856
ENSG00000136870.10	7467	1.05042	574.72	240.433	5.48284e-06	chr9_101409574_C_T_b38	10701	48	50	0.0759878	1	1.21636e-06	0.310813	0.0626158	0.00229977	0.00230175	0.00276034	0.000127542	Artery_Aorta	ZNF189	9_104171856
ENSG00000136870.10	7467	1.04104	635.081	361.107	1.10437e-15	chr9_101409574_C_T_b38	10701	69	73	0.0766807	1	1.9138e-17	0.437754	0.0492013	9.999e-05	2.18461e-13	4.32179e-13	0.000175206	Artery_Tibial	ZNF189	9_104171856
ENSG00000136870.10	7467	1.06509	548.965	237.618	2.19925e-07	chr9_101409574_C_T_b38	10701	56	59	0.0896657	1	2.62164e-08	0.394818	0.0688858	0.00019998	6.52005e-05	0.000149192	0.000101189	Breast_Mammary_Tissue	ZNF189	9_104171856
ENSG00000136870.10	7467	1.02356	600.586	296.125	3.26032e-06	chr9_101409574_C_T_b38	10701	54	57	0.0707196	1	7.99812e-07	0.279975	0.0556505	0.00139986	0.00167192	0.00105096	0.000226811	Cells_Cultured_fibroblasts	ZNF189	9_104171856
ENSG00000136870.10	7467	1.04707	605.593	212.488	7.69066e-07	chr9_101409574_C_T_b38	10701	46	48	0.0816327	1	1.57953e-07	0.394922	0.0730876	0.00019998	0.000317885	0.000601855	9.48636e-05	Colon_Transverse	ZNF189	9_104171856
ENSG00000136870.10	7467	1.04741	564.822	193.548	3.2685e-07	chr9_101403009_C_A_b38	4136	40	42	0.0763636	1	5.15326e-08	0.464117	0.0822682	0.00019998	0.00012028	0.000246592	9.62086e-05	Esophagus_Gastroesophageal_Junction	ZNF189	9_104165291
ENSG00000136870.10	7467	1.04276	543.315	274.24	1.53021e-18	chr9_101403009_C_A_b38	4136	57	60	0.0779221	1	4.55723e-21	0.602882	0.0595044	9.999e-05	1.849e-16	5.9772e-16	0.000174004	Esophagus_Muscularis	ZNF189	9_104165291
ENSG00000136870.10	7467	1.067	561.345	228.607	6.15072e-05	chr9_101409574_C_T_b38	10701	52	55	0.0870253	1	1.85207e-05	0.297815	0.0682651	0.0241976	0.026279	0.0272877	0.000123471	Heart_Atrial_Appendage	ZNF189	9_104171856
ENSG00000136870.10	7467	1.04822	593.382	322.53	2.87985e-23	chr9_101403009_C_A_b38	4136	67	73	0.0837156	1	3.45306e-26	0.538833	0.0470204	9.999e-05	1.86327e-21	1.00637e-20	0.000142797	Lung	ZNF189	9_104165291
ENSG00000136870.10	7467	1.04716	543.384	312.119	2.71201e-10	chr9_101403009_C_A_b38	4136	67	71	0.0825581	1	1.18371e-11	0.329454	0.0469989	9.999e-05	6.87451e-08	1.0808e-07	0.000175499	Skin_Not_Sun_Exposed_Suprapubic	ZNF189	9_104165291
ENSG00000136870.10	7467	1.04349	560.941	381.167	2.32947e-14	chr9_101403009_C_A_b38	4136	77	81	0.0797244	1	2.81908e-16	0.40108	0.0471378	9.999e-05	4.31092e-12	7.36875e-12	0.000210764	Skin_Sun_Exposed_Lower_leg	ZNF189	9_104165291
ENSG00000136870.10	7467	1.04244	583.812	361.237	3.12469e-07	chr9_101403009_C_A_b38	4136	70	74	0.0767635	1	4.65878e-08	0.343264	0.0616513	0.00019998	0.000124262	9.67071e-05	0.000219963	Thyroid	ZNF189	9_104165291
ENSG00000136870.10	7467	1.04143	567.645	426.882	4.9763e-07	chr9_101409574_C_T_b38	10701	78	84	0.0752688	1	7.63846e-08	0.209794	0.0384315	0.00019998	0.000197717	0.00017795	0.000191993	Whole_Blood	ZNF189	9_104171856
ENSG00000122515.14	5973	1.02592	606.622	364.235	1.09951e-06	chr7_44759748_T_C_b38	11167	127	137	0.143006	1	2.41603e-07	-0.20528	0.0390807	0.00039996	0.000545534	0.000483731	0.000168105	Adipose_Subcutaneous	ZMIZ2	7_44799347
ENSG00000122515.14	5973	1.04128	580.11	285.474	7.61524e-08	chr7_44762083_T_C_b38	13502	104	112	0.142494	1	1.07133e-08	-0.214475	0.0365272	0.00019998	2.86814e-05	4.80631e-05	0.000120754	Adipose_Visceral_Omentum	ZMIZ2	7_44801682
ENSG00000122515.14	5973	1.02075	561.98	243.07	1.44988e-08	chr7_44759748_T_C_b38	11167	88	97	0.147416	1	1.76728e-09	-0.215123	0.0345397	9.999e-05	6.33266e-06	1.69567e-05	8.51268e-05	Breast_Mammary_Tissue	ZMIZ2	7_44799347
ENSG00000122515.14	5973	1.03976	586.873	327.4	7.99597e-17	chr7_44759748_T_C_b38	11167	112	122	0.139269	1	1.01445e-18	-0.308515	0.0330669	9.999e-05	1.36143e-14	2.43309e-14	0.00022066	Nerve_Tibial	ZMIZ2	7_44799347
ENSG00000122515.14	5973	1.04742	630.425	183.706	1.11739e-10	chr7_44759748_T_C_b38	11167	55	61	0.125514	1	1.19127e-11	-0.360939	0.0501738	9.999e-05	3.1598e-08	1.12295e-07	8.24053e-05	Pancreas	ZMIZ2	7_44799347
ENSG00000122515.14	5973	1.02352	587.599	320.537	2.56603e-14	chr7_44759748_T_C_b38	11167	108	118	0.137209	1	6.77189e-16	-0.265375	0.0313658	9.999e-05	8.30598e-12	1.85225e-11	0.000151606	Skin_Not_Sun_Exposed_Suprapubic	ZMIZ2	7_44799347
ENSG00000122515.14	5973	1.04795	578.804	387.186	9.18828e-15	chr7_44759748_T_C_b38	11167	140	153	0.150591	1	1.67235e-16	-0.24213	0.0282234	9.999e-05	1.49988e-12	2.64867e-12	0.000206683	Skin_Sun_Exposed_Lower_leg	ZMIZ2	7_44799347
ENSG00000122515.14	5973	1.03561	674.589	128.092	1.10156e-07	chr7_44751322_T_C_b38	2741	55	58	0.162011	1	3.17713e-08	-0.365983	0.0624361	9.999e-05	5.21528e-05	0.00013134	7.53948e-05	Spleen	ZMIZ2	7_44790921
ENSG00000122515.14	5973	1.03874	614.942	184.617	1.5559e-05	chr7_44764345_G_T_b38	15764	73	76	0.146154	1	5.27601e-06	-0.221052	0.0472631	0.00669933	0.00781948	0.0152658	6.21896e-05	Stomach	ZMIZ2	7_44803944
ENSG00000122515.14	5973	1.02139	617.604	370.213	4.63201e-23	chr7_44764345_G_T_b38	15764	125	138	0.143154	1	1.74878e-25	-0.283097	0.0253459	9.999e-05	1.08234e-20	2.63299e-20	0.000196725	Thyroid	ZMIZ2	7_44803944
ENSG00000122515.14	5973	1.02153	602.307	435.225	4.66113e-16	chr7_44759748_T_C_b38	11167	146	162	0.145161	1	8.05733e-18	-0.150245	0.0168062	9.999e-05	1.49299e-13	2.91098e-13	0.000171236	Whole_Blood	ZMIZ2	7_44799347
ENSG00000141956.13	8869	1.03416	1410.06	371.034	1.60297e-28	chr21_41800951_G_A_b38	-78531	80	83	0.0866388	1	2.84224e-31	0.913051	0.0720513	9.999e-05	3.20522e-26	1.44826e-25	7.40124e-05	Adipose_Subcutaneous	PRDM15	21_43221111
ENSG00000141956.13	8869	1.02219	1496.74	194.106	1.61106e-11	chr21_41800951_G_A_b38	-78531	56	59	0.110902	1	2.13563e-12	0.632665	0.0847325	9.999e-05	1.6184e-08	5.96923e-08	3.16416e-05	Colon_Sigmoid	PRDM15	21_43221111
ENSG00000141956.13	8869	1.03616	1368.19	216.36	1.62181e-10	chr21_41809755_T_C_b38	-69727	54	54	0.0918367	1	1.81263e-11	0.63186	0.0895152	9.999e-05	1.25517e-07	3.89482e-07	4.05086e-05	Colon_Transverse	PRDM15	21_43230111
ENSG00000141956.13	8869	1.05531	1378.27	307.348	7.25607e-20	chr21_41800951_G_A_b38	-78531	73	74	0.0900243	1	7.1827e-22	0.673959	0.0653783	9.999e-05	1.27207e-17	4.22357e-17	7.4689e-05	Esophagus_Mucosa	PRDM15	21_43221111
ENSG00000141956.13	8869	1.0106	1493.81	335.968	5.14614e-18	chr21_41800951_G_A_b38	-78531	77	78	0.0894495	1	1.73299e-19	0.576428	0.0602768	9.999e-05	5.42237e-15	1.93687e-14	5.0638e-05	Lung	PRDM15	21_43221111
ENSG00000141956.13	8869	1.01635	1462.01	82.9803	2.43504e-08	chr21_41800951_G_A_b38	-78531	31	32	0.140351	1	7.56967e-09	0.844431	0.132248	9.999e-05	2.99016e-05	0.000283417	9.86728e-06	Minor_Salivary_Gland	PRDM15	21_43221111
ENSG00000141956.13	8869	1.03866	1405.74	325.711	4.15154e-26	chr21_41800951_G_A_b38	-78531	72	75	0.0872093	1	1.09511e-28	0.734031	0.060432	9.999e-05	7.9277e-24	3.88474e-23	6.62219e-05	Skin_Not_Sun_Exposed_Suprapubic	PRDM15	21_43221111
ENSG00000141956.13	8869	1.02656	1508.94	108.49	1.72325e-08	chr21_41809755_T_C_b38	-69727	22	24	0.0851064	1	5.52869e-09	0.586819	0.0931444	9.999e-05	1.94211e-05	0.000133585	1.47161e-05	Small_Intestine_Terminal_Ileum	PRDM15	21_43230111
ENSG00000141956.13	8869	1.0541	1375.75	184.889	2.58004e-06	chr21_41809755_T_C_b38	-69727	38	38	0.0730769	1	7.36577e-07	0.628485	0.122996	0.00189981	0.00254981	0.00571441	2.93806e-05	Stomach	PRDM15	21_43230111
ENSG00000141956.13	8869	1.01699	1505.61	378.63	1.43584e-30	chr21_41800951_G_A_b38	-78531	84	86	0.0892116	1	4.05469e-33	0.80693	0.0614849	9.999e-05	7.56232e-28	2.59737e-27	7.97527e-05	Thyroid	PRDM15	21_43221111
ENSG00000170581.13	3991	1.04412	480.23	367.982	3.48106e-19	chr12_56352774_C_T_b38	-7352	73	76	0.0793319	1	3.77385e-21	-0.47175	0.047253	9.999e-05	3.30117e-17	9.15986e-17	0.000223348	Adipose_Subcutaneous	STAT2	12_56746558
ENSG00000170581.13	3991	1.03732	464.338	288.471	1.19561e-09	chr12_56352774_C_T_b38	-7352	56	57	0.0725191	1	1.23422e-10	-0.392885	0.0590595	9.999e-05	3.19098e-07	6.89012e-07	0.000149007	Adipose_Visceral_Omentum	STAT2	12_56746558
ENSG00000170581.13	3991	1.03624	462.085	361.859	8.12308e-06	chr12_56360038_C_A_b38	-88	70	75	0.0787815	1	2.28336e-06	-0.20343	0.0424222	0.00279972	0.00301219	0.00224399	0.000237668	Artery_Tibial	STAT2	12_56753822
ENSG00000170581.13	3991	1.02999	487.906	108.19	1.03015e-08	chr12_56259776_A_G_b38	-100350	31	33	0.105096	1	2.59673e-09	0.520675	0.0807006	9.999e-05	3.4411e-06	1.0183e-05	0.000104596	Brain_Cerebellar_Hemisphere	STAT2	12_56653560
ENSG00000170581.13	3991	1.03156	457.418	124.688	1.20394e-18	chr12_56302761_T_G_b38	-57365	17	18	0.0545455	1	1.78244e-20	1.01551	0.0927267	9.999e-05	1.79226e-16	4.39988e-15	5.31071e-05	Liver	STAT2	12_56696545
ENSG00000170581.13	3991	1.02503	440.508	326.546	3.60545e-17	chr12_56259776_A_G_b38	-100350	73	78	0.0890411	1	3.73214e-19	-0.427451	0.0451825	9.999e-05	7.09381e-15	1.29777e-14	0.000282848	Nerve_Tibial	STAT2	12_56653560
ENSG00000170581.13	3991	1.05125	461.509	319.377	3.44783e-05	chr12_56259776_A_G_b38	-100350	60	64	0.0744186	1	1.09467e-05	-0.247727	0.0555383	0.0118988	0.0124818	0.0098702	0.000209023	Skin_Not_Sun_Exposed_Suprapubic	STAT2	12_56653560
ENSG00000104804.7	6707	1.03297	912.427	246.914	1.21409e-07	chr19_48879712_G_A_b38	-19021	107	123	0.18693	1	2.48113e-08	0.442633	0.0770877	9.999e-05	8.08751e-05	0.000122257	7.61254e-05	Artery_Aorta	TULP2	19_49382969
ENSG00000104804.7	6707	1.03948	1063.86	241.421	2.72736e-05	chr19_48858184_T_G_b38	-40549	104	114	0.18038	1	1.28737e-05	0.406089	0.0913102	0.0226977	0.0244387	0.0256866	5.97865e-05	Heart_Atrial_Appendage	TULP2	19_49361441
ENSG00000104804.7	6707	1.0226	1000.69	129.009	3.6662e-24	chr19_48888513_G_A_b38	-10220	58	60	0.168539	1	9.73165e-26	1.50253	0.115547	9.999e-05	1.2545e-21	5.69502e-20	2.33963e-05	Liver	TULP2	19_49391770
ENSG00000104804.7	6707	1.03512	933.342	329.808	1.16255e-21	chr19_48888513_G_A_b38	-10220	133	143	0.163991	1	7.27082e-24	0.717426	0.0662965	9.999e-05	2.49948e-19	1.1901e-18	8.73388e-05	Lung	TULP2	19_49391770
ENSG00000112561.17	6196	1.01848	911.443	375.71	2.64276e-06	chr6_41733120_T_C_b38	-3139	61	66	0.0688935	1	9.54854e-07	-0.288933	0.0580575	0.00239976	0.00213522	0.00173717	0.000109555	Adipose_Subcutaneous	TFEB	6_41700858
ENSG00000112561.17	6196	1.03344	849.276	301.952	0.000140338	chr6_41705329_T_C_b38	-30930	92	107	0.132754	1	6.36528e-05	-0.218867	0.0540354	0.10039	0.103043	0.0438981	0.000164507	Cells_Cultured_fibroblasts	TFEB	6_41673067
ENSG00000112561.17	6196	1.04369	856.563	331.809	3.49157e-05	chr6_41733120_T_C_b38	-3139	49	53	0.0607798	1	1.37953e-05	-0.282543	0.064114	0.0261974	0.0247915	0.0205996	9.7617e-05	Lung	TFEB	6_41700858
ENSG00000122034.14	7500	1.03366	892.961	247.424	2.16631e-05	chr13_27385844_G_A_b38	-38700	97	109	0.165653	1	7.83207e-06	-0.163247	0.0358254	0.0162984	0.0165306	0.0164033	7.79533e-05	Artery_Aorta	GTF3A	13_27959981
ENSG00000122034.14	7500	1.02901	927.663	369.617	1.879e-05	chr13_27391627_G_T_b38	-32917	110	120	0.12605	1	7.30078e-06	-0.137906	0.030351	0.0142986	0.0151719	0.00996287	0.000116064	Artery_Tibial	GTF3A	13_27965764
ENSG00000122034.14	7500	1.02689	881.35	330.945	1.57435e-09	chr13_27424509_C_A_b38	-35	106	120	0.137615	1	2.1717e-10	-0.212246	0.0324923	9.999e-05	9.54315e-07	1.61539e-06	9.02279e-05	Lung	GTF3A	13_27998646
ENSG00000114166.7	6461	1.03329	508.937	227.116	1.08077e-09	chr3_20063346_C_G_b38	23323	144	159	0.251582	1	6.27953e-11	0.225598	0.0330749	9.999e-05	3.35551e-07	8.36552e-07	0.000122511	Heart_Atrial_Appendage	KAT2B	3_20104838
ENSG00000114166.7	6461	1.0183	546.649	316.571	0.000151811	chr3_20010528_C_T_b38	-29495	212	257	0.298837	1	5.34612e-05	-0.137457	0.0336156	0.0731927	0.0754742	0.0477734	0.00016047	Skin_Not_Sun_Exposed_Suprapubic	KAT2B	3_20052020
ENSG00000115355.15	7119	1.0379	572.317	104.353	3.43095e-10	chr2_55454381_G_A_b38	34460	8	8	0.0254777	1	2.94761e-11	1.34232	0.18268	9.999e-05	1.07576e-07	4.05512e-07	9.15936e-05	Brain_Cerebellar_Hemisphere	CCDC88A	2_55681517
ENSG00000115355.15	7119	1.04474	501.699	127.728	6.66989e-17	chr2_55454381_G_A_b38	34460	14	14	0.037234	1	2.39499e-19	1.17366	0.112895	9.999e-05	8.18916e-15	5.122e-14	0.000127267	Brain_Cerebellum	CCDC88A	2_55681517
ENSG00000127337.6	6766	1.03964	599.765	100.405	1.35837e-10	chr12_69275233_G_A_b38	-84470	21	22	0.0718954	1	9.5498e-12	0.882641	0.116193	9.999e-05	4.19255e-08	3.11777e-07	5.64506e-05	Brain_Putamen_basal_ganglia	YEATS4	12_69669013
ENSG00000127337.6	6766	1.04987	554.906	66.7093	3.7855e-06	chr12_69275233_G_A_b38	-84470	11	11	0.055	1	9.40696e-07	1.13955	0.21322	0.00109989	0.00150963	0.0114101	2.25454e-05	Brain_Substantia_nigra	YEATS4	12_69669013
ENSG00000137273.3	7478	1.02757	1205.32	374.503	1.01897e-05	chr6_1364236_A_C_b38	-25598	107	115	0.120042	1	3.98541e-06	0.3091	0.066108	0.0113989	0.0106835	0.00768018	8.50054e-05	Adipose_Subcutaneous	FOXF2	6_1364471
ENSG00000137273.3	7478	1.04964	1111.61	330.332	8.1625e-05	chr6_1367348_G_A_b38	-22486	84	89	0.101598	1	3.20409e-05	0.302924	0.0719414	0.0716928	0.0752616	0.0361136	0.0001195	Nerve_Tibial	FOXF2	6_1367583
ENSG00000138738.10	7670	1.03969	546.358	104.684	1.06299e-06	chr4_120722571_C_T_b38	-200299	57	64	0.203822	1	2.47048e-07	0.396235	0.0722963	0.00039996	0.000424577	0.00141112	6.13594e-05	Brain_Frontal_Cortex_BA9	PRDM5	4_121643726
ENSG00000138738.10	7670	1.04339	526.889	122.838	1.08186e-12	chr4_120782415_T_C_b38	-140455	86	98	0.273743	1	3.58324e-14	0.569275	0.0673967	9.999e-05	2.22132e-10	1.22702e-09	9.9097e-05	Spleen	PRDM5	4_121703570
ENSG00000152926.14	6632	1.05289	211.705	150.62	2.95869e-10	chr7_65375489_C_A_b38	384681	46	48	0.109589	1	6.38891e-12	-0.54106	0.0735034	9.999e-05	2.54575e-08	1.1558e-07	0.000213	Pituitary	ZNF117	7_64840402
ENSG00000152926.14	6632	1.0629	209.787	182.285	8.84469e-09	chr7_65312360_G_C_b38	321552	27	27	0.0496324	1	3.15083e-10	-0.47115	0.0714301	9.999e-05	7.86943e-07	1.41969e-06	0.000395981	Testis	ZNF117	7_64777273
ENSG00000171467.15	5401	1.00709	848.547	126.228	4.90634e-08	chr6_44056337_C_T_b38	686859	4	4	0.0114286	1	1.68346e-08	1.62936	0.271405	0.00019998	3.86417e-05	0.000208898	2.52891e-05	Artery_Coronary	ZNF318	6_44024074
ENSG00000171467.15	5401	1.03345	728.959	304.843	5.60647e-09	chr6_43403177_C_T_b38	33699	86	90	0.109489	1	7.06726e-10	0.284432	0.0448261	9.999e-05	2.6597e-06	3.44944e-06	0.000132843	Esophagus_Mucosa	ZNF318	6_43370915
ENSG00000173258.12	7063	1.04037	544.724	355.686	1.24308e-16	chr9_111475730_T_C_b38	-49429	64	64	0.0668058	1	6.77584e-19	0.626996	0.067201	9.999e-05	1.95604e-14	4.59391e-14	0.000194892	Adipose_Subcutaneous	ZNF483	9_114238010
ENSG00000173258.12	7063	1.03199	623.141	133.429	4.57347e-05	chr9_111560219_G_A_b38	35060	23	25	0.0664894	1	1.7547e-05	0.429562	0.0967661	0.0209979	0.0247252	0.0263984	9.83567e-05	Brain_Cerebellum	ZNF483	9_114322499
ENSG00000185650.9	5182	1.06141	453.857	285.727	7.41031e-05	chr14_68589026_C_T_b38	-207227	174	199	0.246898	1	1.88145e-05	0.196991	0.0453757	0.0229977	0.0261231	0.0132308	0.000329927	Cells_Cultured_fibroblasts	ZFP36L1	14_69055743
ENSG00000185650.9	5182	1.06364	433.236	268.939	7.80518e-05	chr14_68442854_T_C_b38	-353399	171	205	0.266234	1	1.90451e-05	-0.179939	0.0414402	0.0232977	0.0260473	0.0189841	0.000231329	Esophagus_Muscularis	ZFP36L1	14_68909571
ENSG00000197008.9	6773	1.04752	245.828	271.188	6.20277e-10	chr7_64948473_C_A_b38	154085	40	40	0.0508906	1	1.46603e-11	-0.535213	0.076434	9.999e-05	7.08388e-08	1.64484e-07	0.00029046	Adipose_Visceral_Omentum	ZNF138	7_64408851
ENSG00000197008.9	6773	1.04808	253.18	173.089	4.56061e-08	chr7_64925965_A_C_b38	131577	24	24	0.0512821	1	3.17113e-09	-0.778455	0.125639	9.999e-05	6.54524e-06	1.73937e-05	0.000205622	Pancreas	ZNF138	7_64386343
ENSG00000198429.9	5587	1.06534	521.93	454.356	3.67202e-05	chr19_11841496_A_T_b38	-46288	39	42	0.0357143	1	1.04769e-05	-0.476481	0.107053	0.0117988	0.0142384	0.00965842	0.000223693	Muscle_Skeletal	ZNF69	19_11952311
ENSG00000198429.9	5587	1.03202	521.456	431.709	0.00012325	chr19_11887941_C_T_b38	157	14	14	0.0125448	1	4.45547e-05	-0.815907	0.198048	0.0540946	0.0562028	0.0326921	0.000203658	Whole_Blood	ZNF69	19_11998756
ENSG00000054598.6	7491	1.05058	1157.05	186.129	4.46967e-05	chr6_1623392_G_C_b38	13420	73	79	0.162551	1	2.01517e-05	0.420223	0.0962488	0.0412959	0.0424108	0.049392	4.53775e-05	Pancreas	FOXC1	6_1623627
ENSG00000060566.13	7138	1.01447	1180.13	330.048	2.88683e-05	chr19_3793151_G_A_b38	-360450	37	39	0.0447248	1	1.06058e-05	0.639422	0.143157	0.0307969	0.0316964	0.0254834	6.48708e-05	Lung	CREB3L3	19_3793149
ENSG00000082175.14	7313	1.04883	551.049	184.962	1.04475e-05	chr11_101262781_C_G_b38	132257	78	88	0.165414	1	2.49538e-06	0.221429	0.0457411	0.00339966	0.00436793	0.00703559	9.41511e-05	Colon_Sigmoid	PGR	11_101133512
ENSG00000101190.12	8512	1.02169	1246.42	126.623	1.24927e-05	chr20_63014001_C_T_b38	152238	49	54	0.151685	1	5.07699e-06	0.430942	0.090759	0.0109989	0.0139849	0.0360331	1.8713e-05	Liver	TCFL5	20_61645353
ENSG00000106031.7	5864	1.01843	533.848	459.407	0.000126495	chr7_27895635_A_C_b38	695529	83	88	0.0748299	-1	4.69038e-05	0.322241	0.0784936	0.0606939	0.0616324	0.0354286	0.000192486	Muscle_Skeletal	HOXA13	7_27935254
ENSG00000106571.12	6151	1.04361	616.979	320.217	1.13259e-05	chr7_43000485_A_G_b38	763426	16	16	0.0186047	1	3.23501e-06	-0.623612	0.131853	0.00579942	0.00550207	0.00469923	0.000153019	Skin_Not_Sun_Exposed_Suprapubic	GLI3	7_43040084
ENSG00000107485.15	8090	1.05435	1088.91	371.177	3.21359e-13	chr10_8519244_C_T_b38	465640	136	152	0.157676	1	1.6438e-14	-0.484609	0.0608522	9.999e-05	1.04628e-10	1.38524e-10	0.000121599	Thyroid	GATA3	10_8561207
ENSG00000112365.4	5788	1.02614	509.026	327.646	8.17732e-05	chr6_108828668_G_A_b38	-654569	22	22	0.0252294	1	3.13197e-05	0.353212	0.0837714	0.0368963	0.0370915	0.029179	0.000155861	Lung	ZBTB24	6_109149871
ENSG00000114126.17	5585	1.0386	544.934	86.2	2.86545e-05	chr3_142172543_C_A_b38	23006	22	24	0.10084	1	1.2417e-05	0.509703	0.110442	0.0112989	0.012974	0.0470795	3.11972e-05	Brain_Amygdala	TFDP2	3_141891385
ENSG00000115956.9	6927	1.03061	707.587	105.988	3.24397e-06	chr2_68248463_C_A_b38	-116710	95	109	0.347134	-1	9.99974e-07	0.458411	0.0887581	0.0019998	0.00187852	0.0033511	7.22775e-05	Brain_Cerebellar_Hemisphere	PLEK	2_68475595
ENSG00000116132.11	6932	1.0227	471	118.65	6.58725e-05	chr1_170665754_T_A_b38	3026	36	40	0.116279	1	2.5521e-05	0.249672	0.0572086	0.0259974	0.0279558	0.043125	7.93788e-05	Brain_Caudate_basal_ganglia	PRRX1	1_170634895
ENSG00000117222.13	6023	1.0424	812.096	106.553	3.67382e-06	chr1_205487623_G_A_b38	365608	19	19	0.0608974	1	1.35997e-06	-0.55838	0.109569	0.00139986	0.00228546	0.00819334	3.18225e-05	Brain_Hypothalamus	RBBP5	1_205456751
ENSG00000117707.15	5856	1.04448	678.208	139.708	3.59537e-05	chr1_213297057_A_G_b38	-686124	20	20	0.0515464	1	1.43146e-05	0.62754	0.139992	0.0176982	0.0200241	0.0353935	5.44286e-05	Adrenal_Gland	PROX1	1_213470400
ENSG00000119715.14	6449	1.03621	825.727	459.864	1.0464e-58	chr14_76314472_C_T_b38	3858	159	173	0.147109	1	6.63861e-66	-0.624824	0.0313891	9.999e-05	8.62247e-58	1.12503e-56	0.000130772	Muscle_Skeletal	ESRRB	14_76780815
ENSG00000119725.18	5811	1.05769	356.272	371.495	1.80972e-05	chr14_73737983_G_C_b38	-148845	276	335	0.329724	1	3.23062e-06	0.0995043	0.0210969	0.00249975	0.00468337	0.00323603	0.000344414	Skin_Sun_Exposed_Lower_leg	ZNF410	14_74204686
ENSG00000119950.20	5530	1.03176	512.351	430.891	7.04287e-06	chr10_110188014_T_C_b38	-19591	367	469	0.420251	1	1.74289e-06	0.091421	0.0188877	0.0029997	0.00297148	0.00227591	0.000207133	Whole_Blood	MXI1	10_111947772
ENSG00000122386.10	5174	1.03992	812.683	82.561	1.00163e-05	chr16_3480658_C_G_b38	368098	30	33	0.144737	1	4.50072e-06	-0.495405	0.101376	0.00669933	0.00657466	0.0294261	1.97547e-05	Minor_Salivary_Gland	ZNF205	16_3530658
ENSG00000124831.18	7667	1.02896	884.791	127.61	2.58155e-05	chr2_237739878_C_T_b38	112302	18	18	0.0502793	1	1.12305e-05	0.634134	0.139139	0.0182982	0.0199866	0.0264941	5.6191e-05	Spleen	LRRFIP1	2_238648521
ENSG00000127616.17	5913	1.01347	719.122	200.295	2.11836e-07	chr19_11049213_T_C_b38	88212	126	142	0.258182	1	5.37352e-08	-0.189454	0.0336312	0.00019998	0.000134538	0.000273567	6.73118e-05	Esophagus_Gastroesophageal_Junction	SMARCA4	19_11159889
ENSG00000142611.16	7467	1.04211	1314.27	473.417	8.60247e-06	chr1_3687383_T_C_b38	618215	28	28	0.0238095	1	3.2457e-06	-0.569082	0.120926	0.00729927	0.00913828	0.00647229	8.34983e-05	Muscle_Skeletal	PRDM16	1_3603947
ENSG00000151090.17	7337	1.05537	800.997	453.703	2.18714e-06	chr3_24458364_G_C_b38	-36918	29	29	0.0246599	1	4.19076e-07	-0.509456	0.0993908	0.00109989	0.00120206	0.000988444	0.000141975	Muscle_Skeletal	THRB	3_24499855
ENSG00000161551.14	9052	1.04626	1277.62	163.383	1.77929e-07	chr19_51883933_G_C_b38	-4043	3	3	0.00684932	1	4.61394e-08	-1.72481	0.302054	0.00019998	0.000151104	0.000391513	3.4496e-05	Pituitary	ZNF577	19_52387186
ENSG00000162761.14	6290	1.04089	808.636	247.267	9.98117e-06	chr1_165347134_G_A_b38	-9581	61	67	0.101824	1	3.30787e-06	0.326767	0.0688148	0.00569943	0.006484	0.00993496	6.34036e-05	Breast_Mammary_Tissue	LMX1A	1_165316371
ENSG00000164334.15	6537	1.04701	403.78	232.394	8.76905e-14	chr5_119571074_C_A_b38	-58485	79	85	0.129179	1	5.5098e-16	0.776128	0.0900562	9.999e-05	1.11924e-11	5.86058e-11	0.000129609	Breast_Mammary_Tissue	FAM170A	5_118906769
ENSG00000166716.9	5271	1.04696	305.436	230.893	2.31393e-05	chr15_84660473_G_C_b38	-88162	153	172	0.261398	1	4.00383e-06	-0.197331	0.041927	0.00439956	0.00546794	0.00609133	0.000237445	Artery_Aorta	ZNF592	15_85203704
ENSG00000167081.16	4839	1.04225	513.072	127.714	1.54258e-05	chr9_126173459_C_T_b38	426114	48	56	0.153005	1	4.76597e-06	0.398109	0.0837021	0.00449955	0.00630793	0.0112103	8.77899e-05	Brain_Cortex	PBX3	9_128935738
ENSG00000168874.12	6082	1.02235	555.104	368.952	5.59543e-05	chr2_86396401_G_C_b38	645057	44	46	0.0477178	1	2.06143e-05	0.276545	0.0641923	0.0266973	0.0280258	0.0153539	0.00021943	Thyroid	ATOH8	2_86623524
ENSG00000171786.5	6200	1.03091	784.827	107.587	1.79622e-05	chr1_159918911_C_T_b38	-448156	8	9	0.0288462	1	8.42465e-06	0.823796	0.176694	0.010499	0.0121065	0.0323361	3.14371e-05	Brain_Hypothalamus	NHLH1	1_159888701
ENSG00000172201.11	7223	1.04678	776.957	465.656	1.38123e-05	chr6_18921711_T_A_b38	-915675	91	94	0.079932	1	4.54252e-06	-0.283548	0.0611877	0.00769923	0.00845812	0.00603118	0.000143037	Muscle_Skeletal	ID4	6_18921942
ENSG00000173545.4	6281	1.01364	839.141	247.485	2.28931e-05	chr5_16496741_C_T_b38	30949	26	26	0.0397554	1	9.00366e-06	-0.233452	0.0515828	0.0155984	0.0179235	0.0218138	6.2129e-05	Heart_Left_Ventricle	ZNF622	5_16496850
ENSG00000174738.12	7073	1.05625	639.314	312.895	0.000148026	chr3_23066257_C_T_b38	-879003	53	54	0.0627907	1	4.69349e-05	0.333582	0.080955	0.0765923	0.0770537	0.0486126	0.000153018	Skin_Not_Sun_Exposed_Suprapubic	NR1D2	3_23107748
ENSG00000177606.6	6082	1.05916	680.64	130.112	1.92314e-05	chr1_58434644_C_A_b38	-349683	74	81	0.221311	1	7.42724e-06	0.313442	0.0673826	0.00979902	0.00980143	0.0163728	7.01435e-05	Brain_Cortex	JUN	1_58900316
ENSG00000177732.8	5086	1.05423	892.735	302.793	1.21761e-05	chr20_776848_A_G_b38	451253	140	158	0.192214	1	3.44012e-06	0.183175	0.0388041	0.00679932	0.00825976	0.00650779	0.000114965	Esophagus_Mucosa	SOX12	20_757491
ENSG00000178665.14	7709	1.04663	469.144	421.222	8.13487e-09	chr7_55864680_T_C_b38	-22795	49	50	0.0448029	1	5.42256e-10	0.76875	0.121365	9.999e-05	2.09013e-06	2.33212e-06	0.000235596	Whole_Blood	ZNF713	7_55932373
ENSG00000179774.8	6064	1.05946	340.29	135.106	2.21761e-16	chr10_68268558_T_C_b38	36455	67	79	0.203608	1	1.83695e-18	-0.754614	0.0754373	9.999e-05	1.21928e-14	1.52389e-13	0.000114513	Adrenal_Gland	ATOH7	10_70028315
ENSG00000180228.12	6135	1.05135	374.536	187.011	7.52486e-05	chr2_178497181_G_C_b38	45746	11	11	0.0202206	1	1.74752e-05	0.389569	0.0887056	0.019898	0.0226146	0.0282878	0.000146981	Esophagus_Gastroesophageal_Junction	PRKRA	2_179361908
ENSG00000181722.16	4852	1.02873	584.758	296.594	1.52544e-13	chr3_114336583_T_C_b38	-810688	17	17	0.0210918	1	5.04604e-15	0.76808	0.0935954	9.999e-05	4.53167e-11	6.07055e-11	0.000236062	Cells_Cultured_fibroblasts	ZBTB20	3_114055430
ENSG00000185513.14	6107	1.03533	844.754	370.533	4.83968e-07	chr20_43512293_T_C_b38	4613	27	28	0.0290456	1	1.1141e-07	0.305203	0.0564937	0.00029997	0.000305555	0.000227161	0.000149237	Thyroid	L3MBTL1	20_42140933
ENSG00000187626.8	6761	1.02689	136.837	117.128	4.03862e-05	chr6_27393463_T_C_b38	-858761	27	28	0.0765027	1	5.68461e-06	-0.710562	0.150706	0.00389961	0.00473717	0.00875958	0.000311702	Brain_Cortex	ZKSCAN4	6_27361242
ENSG00000187801.14	6134	1.05679	666.947	102.18	4.8666e-05	chr1_40881914_T_C_b38	431807	21	21	0.0686275	1	1.93224e-05	-0.603085	0.135172	0.0220978	0.0256278	0.0459333	5.40908e-05	Brain_Putamen_basal_ganglia	ZFP69B	1_41347586
ENSG00000196387.9	4717	1.03039	477.694	117.042	1.31806e-05	chr12_133173626_C_T_b38	93788	70	78	0.226744	1	3.68796e-06	0.331329	0.0685658	0.00459954	0.00531047	0.0107778	8.05184e-05	Brain_Caudate_basal_ganglia	ZNF140	12_133750212
ENSG00000198039.11	6666	1.0524	223.332	119.642	1.79373e-06	chr7_64861244_C_T_b38	-8928	22	22	0.0607735	1	2.15155e-07	0.394419	0.0723233	0.00039996	0.000259818	0.000772805	0.000183321	Brain_Nucleus_accumbens_basal_ganglia	ZNF273	7_64321622
ENSG00000198517.9	8431	1.03875	781.036	377.933	1.7786e-08	chr7_1556748_G_A_b38	26034	65	65	0.0639764	1	1.32866e-09	-0.275494	0.0444554	9.999e-05	8.85521e-06	8.72149e-06	0.000149477	Skin_Sun_Exposed_Lower_leg	MAFK	7_1596384
ENSG00000236609.3	9079	1.06428	750.362	444.207	7.52723e-06	chr7_6499492_A_G_b38	-116125	43	43	0.0365646	1	1.32296e-06	-0.300177	0.0613383	0.00309969	0.0039245	0.00297883	0.00015517	Muscle_Skeletal	ZNF853	7_6539123
ENSG00000256223.5	4599	1.03032	479.695	180.684	1.838e-06	chr12_133231543_C_T_b38	100968	114	133	0.255769	1	3.73173e-07	-0.186946	0.0355867	0.00039996	0.000702777	0.00178161	7.72938e-05	Stomach	ZNF10	12_133808129
ENSG00000275004.3	8424	1.03346	943.242	467.475	6.68656e-05	chr22_22468169_G_A_b38	-40985	44	44	0.037415	1	2.70076e-05	0.438463	0.103525	0.0521948	0.0548962	0.0319645	0.000113616	Muscle_Skeletal	ZNF280B	22_22822506
